%YAML:1.0
R: !!opencv-matrix
   rows: 3
   cols: 3
   dt: d
   data: [ 9.9980868036880810e-01, 1.9461441274212503e-02,
       1.9634058961377591e-03, -1.9456028650148817e-02,
       9.9980696127468693e-01, -2.7391852513760479e-03,
       -2.0163353756751405e-03, 2.7004611100968604e-03,
       9.9999432093459695e-01 ]
T: !!opencv-matrix
   rows: 3
   cols: 1
   dt: d
   data: [ -7.9304860000000005e-02, 1.0322100000000000e-03,
       -7.9854000000000004e-04 ]
R1: !!opencv-matrix
   rows: 3
   cols: 3
   dt: d
   data: [ 9.9990623416625712e-01, 6.4745469636026051e-03,
       1.2066611664843234e-02, -6.4588005597037857e-03,
       9.9997823925541551e-01, -1.3434697498998088e-03,
       -1.2075047444378701e-02, 1.2654079401639847e-03,
       9.9992629326963944e-01 ]
R2: !!opencv-matrix
   rows: 3
   cols: 3
   dt: d
   data: [ 9.9986462814630850e-01, -1.3013959898786695e-02,
       1.0067881087740716e-02, 1.3000815137957642e-02,
       9.9991454735202867e-01, 1.3699633338565829e-03,
       -1.0084849408531923e-02, -1.2388872185279314e-03,
       9.9994837915307755e-01 ]
P1: !!opencv-matrix
   rows: 3
   cols: 4
   dt: d
   data: [ 5.6166703488362066e+02, 0., 3.0313101196289062e+02, 0., 0.,
       5.6166703488362066e+02, 2.2451695251464844e+02, 0., 0., 0., 1.,
       0. ]
P2: !!opencv-matrix
   rows: 3
   cols: 4
   dt: d
   data: [ 5.6166703488362066e+02, 0., 3.0313101196289062e+02,
       -4.4548956242847275e+01, 0., 5.6166703488362066e+02,
       2.2451695251464844e+02, 0., 0., 0., 1., 0. ]
Q: !!opencv-matrix
   rows: 4
   cols: 4
   dt: d
   data: [ 1., 0., 0., -3.0313101196289062e+02, 0., 1., 0.,
       -2.2451695251464844e+02, 0., 0., 0., 5.6166703488362066e+02, 0.,
       0., 1.2607860705463807e+01, 0. ]
