T00	T01	T02	T03	T10	T11	T12	T13	T20	T21	T22	T23	T30	T31	T32	T33
1	0	0	0	0	1	0	0	0	0	1	0	0	0	0	1
1	0	0	0	0	1	0	0	0	0	1	0	0	0	0	1
1	-6.3977e-08	0.000308998	-8.04296e-05	-1.45194e-07	1	0.000676934	-0.000331316	-0.000308998	-0.000676934	1	0.00132018	0	0	0	1
1	0.000523104	0.000340119	-0.00022208	-0.000523643	0.999999	0.00158757	-0.000881243	-0.000339289	-0.00158774	0.999999	0.00197212	0	0	0	1
1	0.000207746	0.000231683	-0.000222235	-0.000208207	0.999998	0.00199248	-0.00126733	-0.000231269	-0.00199253	0.999998	0.00216209	0	0	0	1
1	0.000229523	6.82032e-05	-0.000279485	-0.000229732	0.999995	0.00307631	-0.00214094	-6.74968e-05	-0.00307633	0.999995	0.00244637	0	0	0	1
1	0.000463094	-4.50386e-05	-0.000302061	-0.000462927	0.999993	0.00363877	-0.00302663	4.67233e-05	-0.00363875	0.999993	0.00236021	0	0	0	1
0.999999	0.00118182	-0.000517622	-0.000158192	-0.00117991	0.999993	0.00366838	-0.00354361	0.000521953	-0.00366777	0.999993	0.00161269	0	0	0	1
0.999999	0.000710664	-0.00073796	0.000107306	-0.000707754	0.999992	0.00393575	-0.00413896	0.000740751	-0.00393522	0.999992	0.00136276	0	0	0	1
0.999999	0.00127728	-0.000614028	0.000116073	-0.00127519	0.999993	0.00338255	-0.00412569	0.000618344	-0.00338176	0.999994	0.00121662	0	0	0	1
0.999998	0.00179323	-0.000735635	0.00020379	-0.0017909	0.999993	0.00314852	-0.00403606	0.000741277	-0.0031472	0.999995	0.000457054	0	0	0	1
0.999997	0.00241537	-0.000949202	0.000412628	-0.0024131	0.999994	0.00238528	-0.00316343	0.000954957	-0.00238298	0.999997	0.000113895	0	0	0	1
0.999995	0.00292568	-0.000748966	0.000336396	-0.00292364	0.999992	0.00271123	-0.00307547	0.000756892	-0.00270902	0.999996	0.000252413	0	0	0	1
0.999991	0.0041863	-0.00092188	0.000439925	-0.00418364	0.999987	0.00287327	-0.00300186	0.000933897	-0.00286938	0.999995	0.000433451	0	0	0	1
0.999986	0.00508868	-0.00119713	0.000846752	-0.00508481	0.999982	0.00321521	-0.00295431	0.00121347	-0.00320908	0.999994	0.000934427	0	0	0	1
0.99998	0.00619024	-0.00143485	0.0010801	-0.00618593	0.999976	0.00299473	-0.00271347	0.00145335	-0.00298579	0.999994	0.00101745	0	0	0	1
0.999986	0.00502283	-0.00133138	0.00120934	-0.00501858	0.999982	0.00317735	-0.00285757	0.00134732	-0.00317062	0.999994	0.00126594	0	0	0	1
0.999987	0.0049187	-0.00129895	0.00124967	-0.00491412	0.999982	0.00350979	-0.00335262	0.00131619	-0.00350337	0.999993	0.00138434	0	0	0	1
0.999993	0.003551	-0.00090264	0.00120222	-0.00354769	0.999987	0.00364821	-0.00391205	0.000915583	-0.00364498	0.999993	0.00207357	0	0	0	1
0.999993	0.00362423	-0.000975705	0.00118304	-0.00362048	0.999986	0.00381546	-0.00418232	0.00098952	-0.0038119	0.999992	0.00237517	0	0	0	1
0.999995	0.00279852	-0.00119646	0.00132925	-0.00279365	0.999988	0.00405506	-0.00458731	0.00120779	-0.0040517	0.999991	0.00199773	0	0	0	1
0.999993	0.00358053	-0.00143094	0.00147212	-0.0035745	0.999985	0.00419904	-0.0050654	0.00144595	-0.00419389	0.99999	0.00143014	0	0	0	1
0.999987	0.00495312	-0.00139792	0.00154142	-0.0049458	0.999974	0.00519062	-0.00614953	0.00142359	-0.00518364	0.999986	0.000299256	0	0	0	1
0.999976	0.00671117	-0.00159499	0.00144495	-0.00670285	0.999964	0.00516906	-0.00652857	0.00162962	-0.00515825	0.999985	-0.00152172	0	0	0	1
0.999982	0.00585718	-0.00147466	0.00132655	-0.00584935	0.999969	0.00526499	-0.0069202	0.00150545	-0.00525627	0.999985	-0.00280177	0	0	0	1
0.999982	0.0058669	-0.00124726	0.00110241	-0.00586027	0.999969	0.00525641	-0.00720646	0.00127806	-0.005249	0.999985	-0.00391787	0	0	0	1
0.999983	0.00573724	-0.000929416	0.000668386	-0.00573199	0.999968	0.00555733	-0.00733474	0.00096127	-0.00555191	0.999984	-0.00452094	0	0	0	1
0.999975	0.00697152	-0.000647286	0.000419824	-0.00696852	0.999965	0.00453372	-0.00668721	0.000678871	-0.00452909	0.99999	-0.00528691	0	0	0	1
0.999974	0.00714538	-0.000562947	0.000433348	-0.00714276	0.999964	0.00453749	-0.00668601	0.000595349	-0.00453335	0.99999	-0.00509094	0	0	0	1
0.999969	0.00790332	-0.000633347	0.000576786	-0.0079003	0.999958	0.00463949	-0.00672415	0.000669988	-0.00463434	0.999989	-0.00498225	0	0	0	1
0.999963	0.00863149	-0.000643486	0.000697746	-0.00862868	0.999954	0.00425555	-0.00652126	0.000680188	-0.00424984	0.999991	-0.00507498	0	0	0	1
0.999961	0.00876781	-0.000604613	0.000880149	-0.00876529	0.999953	0.00405308	-0.00641725	0.000640122	-0.00404762	0.999992	-0.00491721	0	0	0	1
0.999948	0.0101405	-0.000639561	0.00107184	-0.0101379	0.999941	0.00398903	-0.00633865	0.000679974	-0.00398234	0.999992	-0.00380867	0	0	0	1
0.999953	0.00966815	-0.000769658	0.00151364	-0.00966456	0.999943	0.00454436	-0.00700608	0.00081355	-0.00453671	0.999989	-0.00407744	0	0	0	1
0.99995	0.00996487	-0.00078939	0.00159635	-0.00996141	0.999941	0.00428151	-0.00657279	0.000832008	-0.00427343	0.999991	-0.00464164	0	0	0	1
0.999943	0.0106325	-0.000697956	0.00156061	-0.0106295	0.999935	0.00408407	-0.00635668	0.000741334	-0.00407642	0.999991	-0.005015	0	0	0	1
0.999926	0.0121464	-0.00057575	0.00141902	-0.012144	0.999918	0.00402872	-0.00618473	0.000624638	-0.00402143	0.999992	-0.00493215	0	0	0	1
0.999928	0.0120202	-0.000292319	0.00107304	-0.0120188	0.999919	0.00415648	-0.00612687	0.000342257	-0.00415266	0.999991	-0.00561878	0	0	0	1
0.999924	0.0123232	4.82125e-05	0.000681117	-0.0123233	0.999916	0.00389655	-0.00595921	-1.9058e-07	-0.00389685	0.999992	-0.00559315	0	0	0	1
0.999911	0.0133057	0.000188895	0.000324631	-0.0133063	0.999905	0.00347757	-0.00570871	-0.000142605	-0.00347978	0.999994	-0.00576519	0	0	0	1
0.999899	0.0142035	-0.000112921	0.000286198	-0.014203	0.999894	0.00323361	-0.00556461	0.000158837	-0.00323168	0.999995	-0.00569333	0	0	0	1
0.999904	0.0138355	-0.000261558	0.000226713	-0.0138343	0.999897	0.00391347	-0.00638773	0.000315675	-0.00390947	0.999992	-0.00555096	0	0	0	1
0.999895	0.0144956	-0.000397426	3.64027e-05	-0.0144942	0.999889	0.00340743	-0.00630439	0.000446775	-0.00340131	0.999994	-0.00538077	0	0	0	1
0.999886	0.0150835	-0.000707465	-1.2346e-05	-0.0150813	0.999882	0.00308847	-0.0061183	0.000753966	-0.00307745	0.999995	-0.00559087	0	0	0	1
0.99989	0.0147508	-0.00140788	0.000623368	-0.0147454	0.999884	0.0037782	-0.00670244	0.00146345	-0.00375702	0.999992	-0.00529442	0	0	0	1
0.999877	0.0155671	-0.00172007	0.00104127	-0.01556	0.999871	0.00408788	-0.00693077	0.00178348	-0.00406062	0.99999	-0.00517735	0	0	0	1
0.999834	0.018121	-0.00180928	0.00135011	-0.0181154	0.999831	0.00308256	-0.00640145	0.00186483	-0.00304927	0.999994	-0.00534186	0	0	0	1
0.999812	0.0192831	-0.00203929	0.00154185	-0.0192752	0.999807	0.00382796	-0.00688735	0.00211271	-0.00378794	0.999991	-0.00603434	0	0	0	1
0.999803	0.0197068	-0.00227058	0.00171636	-0.0196958	0.999795	0.00477259	-0.00769342	0.00236416	-0.00472693	0.999986	-0.00645821	0	0	0	1
0.999813	0.0191879	-0.00230898	0.00165944	-0.0191754	0.999802	0.0053491	-0.00834967	0.00241116	-0.00530382	0.999983	-0.00689487	0	0	0	1
0.999805	0.0196035	-0.00240047	0.00152615	-0.0195906	0.999794	0.00530165	-0.00877073	0.00250391	-0.00525359	0.999983	-0.00768781	0	0	0	1
0.999793	0.0201894	-0.00258928	0.00122795	-0.0201767	0.999785	0.00484056	-0.00861445	0.00268645	-0.00478732	0.999985	-0.00918525	0	0	0	1
0.999803	0.0196417	-0.00273157	0.00105867	-0.0196299	0.999798	0.00429669	-0.00825056	0.00281541	-0.00424223	0.999987	-0.0100675	0	0	0	1
0.999801	0.019728	-0.00282515	0.00109812	-0.0197177	0.999799	0.00363296	-0.00746856	0.00289626	-0.00357654	0.999989	-0.010599	0	0	0	1
0.999793	0.0200941	-0.00315671	0.00142394	-0.0200836	0.999793	0.00331992	-0.00707015	0.00322276	-0.00325584	0.99999	-0.0111183	0	0	0	1
0.999796	0.019926	-0.00320774	0.00154688	-0.0199139	0.999795	0.0037769	-0.00720773	0.00328234	-0.00371225	0.999988	-0.0111202	0	0	0	1
0.999797	0.0198539	-0.00336425	0.00196097	-0.01984	0.999795	0.00410114	-0.00752811	0.00344498	-0.00403356	0.999986	-0.0105866	0	0	0	1
0.999784	0.0204981	-0.00347546	0.00221848	-0.0204842	0.999782	0.00400206	-0.00754352	0.00355673	-0.00393	0.999986	-0.0101663	0	0	0	1
0.999787	0.0203734	-0.00334199	0.00216158	-0.0203572	0.999781	0.00480578	-0.00827053	0.00343917	-0.00473672	0.999983	-0.0104453	0	0	0	1
0.999785	0.0204683	-0.00325194	0.00199551	-0.0204498	0.999775	0.00562263	-0.00896572	0.0033663	-0.00555492	0.999979	-0.0107965	0	0	0	1
0.999788	0.0203456	-0.00325512	0.00192049	-0.0203246	0.999773	0.00636745	-0.0096997	0.00338393	-0.00629994	0.999974	-0.0112377	0	0	0	1
0.999774	0.0210005	-0.00325008	0.00189862	-0.0209806	0.999762	0.00603124	-0.00985214	0.00337597	-0.00596169	0.999977	-0.0117742	0	0	0	1
0.999759	0.0216605	-0.00362428	0.0021345	-0.0216375	0.999746	0.00626724	-0.0102096	0.00375911	-0.00618731	0.999974	-0.0119087	0	0	0	1
0.999766	0.0213376	-0.00363343	0.00241123	-0.0213139	0.999752	0.00645187	-0.0106162	0.0037702	-0.00637291	0.999973	-0.0117582	0	0	0	1
0.999752	0.021916	-0.00384051	0.00266568	-0.0218903	0.999738	0.00663222	-0.0107385	0.00398485	-0.00654651	0.999971	-0.0124319	0	0	0	1
0.999745	0.0221891	-0.00412072	0.00319043	-0.0221626	0.999734	0.00636947	-0.0106699	0.00426096	-0.00627652	0.999971	-0.0132218	0	0	0	1
0.999719	0.0233782	-0.00402283	0.00332092	-0.0233545	0.99971	0.00582886	-0.0101678	0.00415793	-0.00573327	0.999975	-0.0137549	0	0	0	1
0.999695	0.0244277	-0.00371554	0.00335441	-0.0244056	0.999685	0.00587799	-0.00990477	0.00385795	-0.00578551	0.999976	-0.0138872	0	0	0	1
0.999684	0.0248429	-0.00371037	0.00344059	-0.0248181	0.99967	0.00657722	-0.0101355	0.00387255	-0.00648306	0.999971	-0.0141807	0	0	0	1
0.999685	0.024798	-0.00398181	0.00359814	-0.0247684	0.999667	0.00730714	-0.0104422	0.00416168	-0.00720621	0.999965	-0.0142386	0	0	0	1
0.999675	0.025177	-0.0040218	0.00365571	-0.0251465	0.999656	0.00746934	-0.010481	0.00420847	-0.00736578	0.999964	-0.0142609	0	0	0	1
0.999666	0.0254738	-0.00427205	0.00375718	-0.0254428	0.999651	0.00716564	-0.0102988	0.00445309	-0.00705455	0.999965	-0.014601	0	0	0	1
0.999647	0.0261992	-0.00434204	0.0035399	-0.0261684	0.999633	0.00700428	-0.0100187	0.00452395	-0.00688819	0.999966	-0.0155671	0	0	0	1
0.999615	0.0273741	-0.00450179	0.00343771	-0.0273433	0.999603	0.0067715	-0.00972868	0.00468536	-0.0066458	0.999967	-0.016579	0	0	0	1
0.999599	0.0279123	-0.00481187	0.00358268	-0.0278805	0.99959	0.00654751	-0.00956745	0.00499266	-0.00641073	0.999967	-0.0175461	0	0	0	1
0.999577	0.0286913	-0.00481487	0.00363186	-0.0286597	0.999568	0.00650028	-0.00935925	0.00499929	-0.00635954	0.999967	-0.0172487	0	0	0	1
0.999571	0.0288803	-0.00478647	0.00387827	-0.028851	0.999565	0.00608398	-0.00871452	0.0049601	-0.00594327	0.99997	-0.0163712	0	0	0	1
0.999549	0.0296533	-0.00481176	0.00394586	-0.029626	0.999545	0.00563375	-0.00803353	0.00497664	-0.00548865	0.999973	-0.0158705	0	0	0	1
0.999527	0.0303919	-0.00469284	0.00396391	-0.0303628	0.99952	0.00614708	-0.00812099	0.00487741	-0.00600169	0.99997	-0.0152083	0	0	0	1
0.999509	0.0309998	-0.00463595	0.00411385	-0.0309676	0.999497	0.00685314	-0.00866891	0.00484606	-0.00670621	0.999966	-0.014752	0	0	0	1
0.999465	0.0322648	-0.00534715	0.00426619	-0.0322263	0.999455	0.00713326	-0.00903934	0.00557439	-0.00695713	0.99996	-0.0150328	0	0	0	1
0.999457	0.0325419	-0.00519305	0.00399363	-0.0325035	0.999445	0.00731173	-0.00945964	0.00542811	-0.00713897	0.99996	-0.0154174	0	0	0	1
0.999476	0.0319438	-0.00523864	0.00408407	-0.0319021	0.99946	0.00785404	-0.0102354	0.0054867	-0.0076828	0.999955	-0.0153265	0	0	0	1
0.999457	0.0325456	-0.00522793	0.00408006	-0.0325034	0.99944	0.00795734	-0.0106275	0.00548398	-0.00778309	0.999955	-0.0148498	0	0	0	1
0.999431	0.0333547	-0.00500567	0.00402896	-0.0333106	0.999408	0.00865419	-0.0113549	0.00529136	-0.00848253	0.99995	-0.0145544	0	0	0	1
0.999408	0.0340189	-0.00509547	0.00408085	-0.0339698	0.999378	0.00942896	-0.0122589	0.00541307	-0.00925029	0.999943	-0.0142015	0	0	0	1
0.9994	0.0342028	-0.00553778	0.00414247	-0.0341466	0.999367	0.00995698	-0.0131823	0.00587484	-0.00976191	0.999935	-0.0151785	0	0	0	1
0.999383	0.0346879	-0.00552826	0.00407343	-0.0346359	0.999357	0.00923239	-0.0133998	0.00584496	-0.00903522	0.999942	-0.0161111	0	0	0	1
0.999374	0.0349577	-0.00535713	0.00380417	-0.0349097	0.999352	0.00881587	-0.0135482	0.00566184	-0.00862334	0.999947	-0.0171969	0	0	0	1
0.99933	0.0361542	-0.00563015	0.00396653	-0.0361039	0.999309	0.00878958	-0.0136674	0.00594404	-0.00858043	0.999946	-0.0175401	0	0	0	1
0.99928	0.0374747	-0.00588887	0.00411084	-0.0374219	0.99926	0.00884292	-0.0136509	0.0062159	-0.00861619	0.999944	-0.0173769	0	0	0	1
0.999275	0.037592	-0.00601685	0.00403443	-0.0375334	0.99925	0.00957355	-0.0141867	0.00637222	-0.00934077	0.999936	-0.0173998	0	0	0	1
0.999287	0.0372262	-0.00627371	0.00415878	-0.0371599	0.999255	0.0103814	-0.0150101	0.0066555	-0.0101409	0.999926	-0.0172888	0	0	0	1
0.999243	0.0383678	-0.00650223	0.00421389	-0.038303	0.999218	0.00981136	-0.0151119	0.00687358	-0.00955487	0.999931	-0.0172825	0	0	0	1
0.999209	0.0392301	-0.00644674	0.00422664	-0.0391617	0.999179	0.010418	-0.0157742	0.00685015	-0.0101573	0.999925	-0.017451	0	0	0	1
0.999168	0.0402119	-0.00685839	0.00455725	-0.0401352	0.999134	0.0109868	-0.0163501	0.00729425	-0.0107024	0.999916	-0.0170789	0	0	0	1
0.999141	0.0408561	-0.00694591	0.00463552	-0.040773	0.9991	0.0117066	-0.0167795	0.00741794	-0.0114133	0.999907	-0.0171677	0	0	0	1
0.999139	0.0409385	-0.00666753	0.00418913	-0.040855	0.999091	0.0122036	-0.0171129	0.00716106	-0.0119207	0.999903	-0.0170552	0	0	0	1
0.999102	0.0418484	-0.00661563	0.00367437	-0.0417666	0.999055	0.01206	-0.0170165	0.00711406	-0.0117729	0.999905	-0.0169444	0	0	0	1
0.999067	0.0426604	-0.00668978	0.0033608	-0.0425793	0.999023	0.0118377	-0.0165658	0.00718825	-0.0115418	0.999908	-0.0169318	0	0	0	1
0.999044	0.0432086	-0.00670354	0.00315669	-0.0431301	0.999004	0.0114375	-0.0161177	0.00719106	-0.0111374	0.999912	-0.0168704	0	0	0	1
0.99903	0.0434724	-0.00703871	0.00336559	-0.043393	0.998997	0.0110597	-0.0155091	0.00751244	-0.0107436	0.999914	-0.0163848	0	0	0	1
0.99904	0.0432203	-0.00709578	0.00351575	-0.043138	0.999004	0.0113662	-0.0157545	0.00757997	-0.0110492	0.99991	-0.0165828	0	0	0	1
0.999042	0.0431419	-0.00727147	0.00359269	-0.0430559	0.999005	0.0116025	-0.016059	0.00776479	-0.0112783	0.999906	-0.0170229	0	0	0	1
0.999048	0.043047	-0.00711975	0.00344996	-0.0429599	0.999005	0.0119625	-0.0163637	0.00762761	-0.0116452	0.999903	-0.0174632	0	0	0	1
0.999026	0.0435542	-0.00714536	0.00335929	-0.0434665	0.998983	0.0119955	-0.0164942	0.00766055	-0.0116732	0.999903	-0.0174335	0	0	0	1
0.999018	0.0436878	-0.00743654	0.00350436	-0.0435989	0.99898	0.0117292	-0.0166351	0.00794138	-0.0113935	0.999904	-0.0174632	0	0	0	1
0.999007	0.0439262	-0.00745636	0.00351139	-0.0438361	0.998969	0.0118419	-0.0167247	0.00796884	-0.0115033	0.999902	-0.0174195	0	0	0	1
0.998994	0.0442549	-0.0072027	0.00327431	-0.0441678	0.998954	0.0118418	-0.0166587	0.00771922	-0.0115118	0.999904	-0.0176013	0	0	0	1
0.999006	0.0440357	-0.00691031	0.00300463	-0.0439516	0.998963	0.011889	-0.016671	0.00742668	-0.0115735	0.999905	-0.0170694	0	0	0	1
0.999024	0.0436364	-0.00690019	0.00284072	-0.0435528	0.998981	0.0118349	-0.016734	0.00740959	-0.0115228	0.999906	-0.0171485	0	0	0	1
0.999026	0.0436264	-0.00654324	0.00237396	-0.0435433	0.998975	0.0123407	-0.0171102	0.00707492	-0.0120437	0.999902	-0.0174158	0	0	0	1
0.999022	0.0437537	-0.00638834	0.00210211	-0.0436703	0.998966	0.0126568	-0.0175007	0.00693551	-0.0123654	0.999899	-0.0170608	0	0	0	1
0.998978	0.0447571	-0.00629371	0.00165528	-0.0446774	0.998926	0.0122728	-0.017231	0.00683625	-0.0119791	0.999905	-0.0164551	0	0	0	1
0.998997	0.044337	-0.00632631	0.00149318	-0.0442559	0.998943	0.0124239	-0.0175968	0.00687046	-0.0121314	0.999903	-0.0165232	0	0	0	1
0.998999	0.0442843	-0.00638852	0.00153938	-0.0442002	0.998941	0.0127491	-0.0178487	0.00694635	-0.012454	0.999898	-0.0163709	0	0	0	1
0.999015	0.0439358	-0.00627914	0.00152613	-0.0438509	0.998953	0.013066	-0.0182263	0.00684663	-0.0127778	0.999895	-0.0159235	0	0	0	1
0.999003	0.0441935	-0.00632643	0.00147642	-0.0441038	0.998933	0.0136787	-0.0186223	0.00692419	-0.013386	0.999886	-0.015396	0	0	0	1
0.999003	0.0441975	-0.00628082	0.00138534	-0.0441001	0.998916	0.0148896	-0.0195046	0.00693209	-0.0145977	0.999869	-0.0150362	0	0	0	1
0.999018	0.0438856	-0.00616442	0.00130677	-0.0437822	0.998913	0.0160104	-0.0206735	0.00686034	-0.0157248	0.999853	-0.0144684	0	0	0	1
0.999035	0.043508	-0.00600194	0.000997371	-0.043405	0.998924	0.0163351	-0.0213519	0.00670619	-0.0160588	0.999849	-0.0144845	0	0	0	1
0.999043	0.0433018	-0.00622296	0.0012392	-0.0431957	0.998934	0.0162885	-0.0215381	0.00692164	-0.0160041	0.999848	-0.014041	0	0	0	1
0.999038	0.0434042	-0.0061847	0.00139538	-0.0433002	0.998933	0.0160686	-0.0213161	0.00687554	-0.0157853	0.999852	-0.0139709	0	0	0	1
0.99902	0.0438237	-0.00622401	0.0014687	-0.0437185	0.998913	0.0161451	-0.0213111	0.00692479	-0.0158572	0.99985	-0.0139375	0	0	0	1
0.998976	0.0448026	-0.00629306	0.00169526	-0.044698	0.998874	0.0158894	-0.020696	0.00699786	-0.0155918	0.999854	-0.0133694	0	0	0	1
0.998976	0.0448083	-0.00620608	0.00183814	-0.0447071	0.998878	0.0155912	-0.0201876	0.00689774	-0.0152978	0.999859	-0.0128668	0	0	0	1
0.998982	0.0446491	-0.00637885	0.00207095	-0.044545	0.998885	0.0156234	-0.0200758	0.00706931	-0.0153234	0.999858	-0.0125328	0	0	0	1
0.999001	0.0442726	-0.00599719	0.00177262	-0.044174	0.998901	0.0156839	-0.0200822	0.00668496	-0.0154034	0.999859	-0.0134838	0	0	0	1
0.999005	0.044189	-0.0059463	0.00165407	-0.0440937	0.99891	0.0153136	-0.0198059	0.00661651	-0.0150362	0.999865	-0.0141469	0	0	0	1
0.998987	0.0445965	-0.00595621	0.00168632	-0.0444999	0.99889	0.015461	-0.0196821	0.0066391	-0.0151803	0.999863	-0.0145307	0	0	0	1
0.998975	0.0448832	-0.0058058	0.00160653	-0.0447868	0.998872	0.0157788	-0.0199466	0.00650745	-0.0155026	0.999859	-0.0147612	0	0	0	1
0.99892	0.0460726	-0.00595459	0.00151547	-0.0459704	0.99881	0.0162889	-0.0204531	0.00669798	-0.0159976	0.99985	-0.0155782	0	0	0	1
0.998876	0.0470138	-0.00595341	0.00137124	-0.0469085	0.998759	0.01674	-0.021334	0.00673303	-0.0164419	0.999842	-0.0161306	0	0	0	1
0.99888	0.0469589	-0.00582858	0.0012308	-0.0468577	0.998767	0.0164203	-0.0216652	0.00659247	-0.0161288	0.999848	-0.0163018	0	0	0	1
0.998877	0.047013	-0.00591516	0.00105625	-0.0469108	0.998765	0.0163627	-0.0220051	0.00667712	-0.0160668	0.999849	-0.0169258	0	0	0	1
0.998875	0.0470586	-0.00585801	0.000841465	-0.0469563	0.99876	0.0165202	-0.0222597	0.00662816	-0.0162265	0.999846	-0.017094	0	0	0	1
0.998846	0.0476836	-0.00577328	0.000574793	-0.0475864	0.99874	0.0159429	-0.0218985	0.00652622	-0.0156498	0.999856	-0.0171853	0	0	0	1
0.998828	0.0480372	-0.00599081	0.000827921	-0.0479332	0.998715	0.016436	-0.0222694	0.00677265	-0.0161296	0.999847	-0.0173738	0	0	0	1
0.998784	0.0488889	-0.00631746	0.0011291	-0.0487756	0.998665	0.016999	-0.0229505	0.00714009	-0.0166702	0.999836	-0.017919	0	0	0	1
0.998732	0.0499455	-0.00630666	0.00114607	-0.0498303	0.998608	0.0172651	-0.0235583	0.0071602	-0.016929	0.999831	-0.0178009	0	0	0	1
0.998692	0.0507274	-0.00641373	0.00130428	-0.0506112	0.998571	0.0171411	-0.0237816	0.00727409	-0.0167941	0.999833	-0.0173537	0	0	0	1
0.998679	0.0509945	-0.00638476	0.00124215	-0.0508808	0.998562	0.0168626	-0.0235995	0.00723548	-0.0165154	0.999837	-0.0173605	0	0	0	1
0.998636	0.0518126	-0.00641064	0.00102147	-0.0516962	0.998515	0.0171648	-0.0240401	0.00729047	-0.01681	0.999832	-0.0172311	0	0	0	1
0.998586	0.0527602	-0.00657282	0.000975318	-0.0526424	0.998469	0.0169659	-0.0243007	0.00745788	-0.0165959	0.999834	-0.0174977	0	0	0	1
0.998474	0.0548323	-0.006563	0.000888423	-0.0547163	0.998362	0.0167153	-0.0242465	0.00746879	-0.0163307	0.999839	-0.0176274	0	0	0	1
0.998393	0.0563093	-0.0064027	0.0004944	-0.0561963	0.998281	0.0166285	-0.024203	0.00732803	-0.016242	0.999841	-0.0184813	0	0	0	1
0.998344	0.0571532	-0.00660241	0.000549436	-0.0570322	0.998223	0.017257	-0.0243936	0.00757697	-0.0168519	0.999829	-0.0187638	0	0	0	1
0.998388	0.0563607	-0.00675117	0.000742221	-0.0562274	0.998246	0.0185249	-0.0252528	0.00778341	-0.0181154	0.999806	-0.0191266	0	0	0	1
0.998402	0.0561177	-0.00670599	0.00086721	-0.0559815	0.998251	0.0190244	-0.0259192	0.00776186	-0.0186186	0.999797	-0.0197088	0	0	0	1
0.998363	0.0567827	-0.00689466	0.00108919	-0.0566452	0.998219	0.0187241	-0.0257778	0.00794558	-0.0183029	0.999801	-0.0204531	0	0	0	1
0.998335	0.0572371	-0.00717253	0.0014113	-0.0570953	0.998195	0.0186264	-0.0257693	0.00822571	-0.0181859	0.999801	-0.0212491	0	0	0	1
0.99833	0.0573028	-0.00726039	0.00156063	-0.0571569	0.998186	0.0189179	-0.0260016	0.00833126	-0.0184713	0.999795	-0.0217823	0	0	0	1
0.998298	0.0578404	-0.00749181	0.00178312	-0.0576809	0.998135	0.0199991	-0.0268973	0.0086346	-0.019533	0.999772	-0.0224969	0	0	0	1
0.998265	0.0584052	-0.00749832	0.00159706	-0.0582459	0.998103	0.0199534	-0.0272836	0.00864948	-0.0194821	0.999773	-0.0231418	0	0	0	1
0.998258	0.0585332	-0.0074377	0.00145181	-0.0583704	0.998085	0.0204881	-0.0281082	0.00862269	-0.0200183	0.999762	-0.0237941	0	0	0	1
0.998197	0.0595326	-0.00767585	0.00152704	-0.0593654	0.998027	0.0204283	-0.0285115	0.00887686	-0.0199358	0.999762	-0.0239821	0	0	0	1
0.998143	0.0604131	-0.00776023	0.00165684	-0.0602428	0.997972	0.0205747	-0.0287878	0.00898747	-0.020069	0.999758	-0.0235972	0	0	0	1
0.998094	0.0612416	-0.00766922	0.00187511	-0.0610709	0.997917	0.0207974	-0.0290521	0.00892691	-0.0202894	0.999754	-0.0224185	0	0	0	1
0.998073	0.0615569	-0.00777445	0.00200642	-0.0613856	0.997901	0.0206244	-0.0287139	0.0090277	-0.0201075	0.999757	-0.0221159	0	0	0	1
0.998142	0.0604395	-0.00773016	0.00223541	-0.0602735	0.997979	0.0201459	-0.0280894	0.00893214	-0.0196426	0.999767	-0.0212144	0	0	0	1
0.998126	0.0607029	-0.00769104	0.0019805	-0.0605405	0.997969	0.0198365	-0.0278306	0.00887955	-0.0193337	0.999774	-0.0218155	0	0	0	1
0.998076	0.0615017	-0.00781854	0.00181324	-0.0613359	0.997918	0.0199238	-0.0280465	0.00902762	-0.0194059	0.999771	-0.0229044	0	0	0	1
0.998106	0.0610519	-0.00757001	0.00164396	-0.0608851	0.997932	0.0205863	-0.0287593	0.00881119	-0.0200864	0.999759	-0.0235135	0	0	0	1
0.998105	0.0610947	-0.00737854	0.0017733	-0.0609299	0.997925	0.02081	-0.0290768	0.00863461	-0.0203209	0.999756	-0.0233057	0	0	0	1
0.998093	0.0613215	-0.00708504	0.00165528	-0.0611614	0.997908	0.0209571	-0.0293995	0.00835534	-0.0204838	0.999755	-0.0226698	0	0	0	1
0.997987	0.063011	-0.00713194	0.00161225	-0.0628521	0.997809	0.0206549	-0.0293033	0.0084178	-0.0201651	0.999761	-0.0231855	0	0	0	1
0.997867	0.0648296	-0.00766957	0.00175844	-0.0646593	0.997693	0.0206844	-0.0293781	0.00899284	-0.0201444	0.999757	-0.0232327	0	0	0	1
0.997752	0.0665803	-0.00766101	0.00171848	-0.0664132	0.997585	0.0203203	-0.0290866	0.00899544	-0.0197658	0.999764	-0.0244131	0	0	0	1
0.99775	0.0665896	-0.00784557	0.00183121	-0.0664172	0.997582	0.020489	-0.0292099	0.00919095	-0.0199218	0.999759	-0.024788	0	0	0	1
0.997713	0.0671508	-0.00767351	0.00169653	-0.0669815	0.997543	0.0205322	-0.0295389	0.00903341	-0.0199713	0.99976	-0.0244868	0	0	0	1
0.997732	0.0668406	-0.0078905	0.0017798	-0.0666644	0.997559	0.020799	-0.0305353	0.00926145	-0.0202258	0.999753	-0.0247191	0	0	0	1
0.997721	0.0669494	-0.00843085	0.00233363	-0.0667572	0.997542	0.021314	-0.0314207	0.00983708	-0.0207026	0.999737	-0.0241768	0	0	0	1
0.997695	0.0672967	-0.00865255	0.00274228	-0.067097	0.997513	0.0215977	-0.0318434	0.0100845	-0.0209674	0.999729	-0.0240231	0	0	0	1
0.997649	0.0679765	-0.00864681	0.00287829	-0.0677715	0.997455	0.0221273	-0.0320107	0.0101289	-0.0214893	0.999718	-0.0242883	0	0	0	1
0.997632	0.0682213	-0.00873049	0.00318022	-0.0680074	0.997424	0.022823	-0.0326597	0.010265	-0.0221753	0.999701	-0.0237669	0	0	0	1
0.997606	0.0686462	-0.00838425	0.00318387	-0.0684358	0.997385	0.023227	-0.0331391	0.00995677	-0.0225976	0.999695	-0.022404	0	0	0	1
0.997606	0.0686529	-0.00825946	0.00316014	-0.0684396	0.997371	0.0238068	-0.0339634	0.00987215	-0.0231846	0.999682	-0.021854	0	0	0	1
0.997577	0.0690311	-0.00870347	0.0033358	-0.0687983	0.997325	0.0246919	-0.0349522	0.0103847	-0.0240333	0.999657	-0.0217573	0	0	0	1
0.997519	0.0698061	-0.00909871	0.00355378	-0.0695647	0.997274	0.0245883	-0.0350973	0.0107903	-0.0238944	0.999656	-0.0215186	0	0	0	1
0.997463	0.070565	-0.00943793	0.00371129	-0.0703245	0.997241	0.0237592	-0.0348586	0.0110885	-0.0230352	0.999673	-0.0214308	0	0	0	1
0.997455	0.0706817	-0.0093631	0.00366002	-0.0704412	0.997229	0.0239207	-0.0352519	0.0110279	-0.0232003	0.99967	-0.0214475	0	0	0	1
0.997443	0.0708665	-0.00927766	0.0037117	-0.070622	0.997203	0.0244556	-0.0358465	0.0109848	-0.0237378	0.999658	-0.0218572	0	0	0	1
0.99742	0.0711924	-0.00923581	0.00373604	-0.0709448	0.997171	0.0248183	-0.0364443	0.0109766	-0.0240991	0.999649	-0.0225139	0	0	0	1
0.997389	0.0716545	-0.00904074	0.00365907	-0.0714111	0.997137	0.0248552	-0.0366035	0.0107958	-0.0241446	0.99965	-0.0230104	0	0	0	1
0.997317	0.0726946	-0.00861605	0.00322794	-0.0724615	0.997062	0.0248231	-0.0367635	0.0103952	-0.0241321	0.999655	-0.0227892	0	0	0	1
0.997221	0.0739996	-0.00864354	0.00298484	-0.0737634	0.996961	0.0250347	-0.0369769	0.0104698	-0.0243276	0.999649	-0.0231038	0	0	0	1
0.99718	0.07456	-0.00855909	0.00286238	-0.0743286	0.996926	0.0247617	-0.0367437	0.010379	-0.0240557	0.999657	-0.023613	0	0	0	1
0.997153	0.0749796	-0.00802694	0.00245429	-0.074761	0.996894	0.0247481	-0.036748	0.00985762	-0.0240775	0.999661	-0.0237272	0	0	0	1
0.997121	0.075389	-0.00812915	0.00228826	-0.0751693	0.996867	0.0246043	-0.0366064	0.00995857	-0.0239224	0.999664	-0.0235653	0	0	0	1
0.997153	0.0749281	-0.00843148	0.00244685	-0.0746938	0.996885	0.0253236	-0.0368713	0.0103027	-0.0246217	0.999644	-0.0225088	0	0	0	1
0.997164	0.0748361	-0.00792833	0.00205935	-0.0746071	0.996873	0.0260498	-0.0370698	0.009853	-0.0253845	0.999629	-0.0222723	0	0	0	1
0.997154	0.0750052	-0.00765921	0.00178455	-0.0747814	0.996855	0.0262091	-0.0372216	0.00960094	-0.0255618	0.999627	-0.0222243	0	0	0	1
0.997131	0.0753488	-0.00721476	0.00140569	-0.0751333	0.99682	0.0265321	-0.0374641	0.00919099	-0.0259139	0.999622	-0.0217509	0	0	0	1
0.99705	0.0764333	-0.00704028	0.00112405	-0.0762216	0.996737	0.0265809	-0.0374648	0.00904897	-0.0259658	0.999622	-0.0209887	0	0	0	1
0.996956	0.0776398	-0.0070731	0.000951966	-0.0774267	0.996643	0.0265958	-0.0375241	0.00911425	-0.0259672	0.999621	-0.0209631	0	0	0	1
0.996947	0.0777548	-0.00711894	0.000871299	-0.0775377	0.996626	0.0268996	-0.037861	0.00918649	-0.0262655	0.999613	-0.0206163	0	0	0	1
0.996952	0.0776836	-0.00717953	0.000972013	-0.0774604	0.996619	0.0273924	-0.0383944	0.0092832	-0.0267528	0.999599	-0.0205482	0	0	0	1
0.996936	0.0778844	-0.00727736	0.00102301	-0.0776555	0.996595	0.0277142	-0.0388257	0.00941109	-0.0270642	0.999589	-0.0206835	0	0	0	1
0.996933	0.0779034	-0.00750339	0.00126647	-0.0776663	0.996588	0.0279189	-0.0390973	0.00965277	-0.0272505	0.999582	-0.0205074	0	0	0	1
0.996911	0.0781769	-0.00747439	0.00127467	-0.0779406	0.996567	0.0279135	-0.0392651	0.00963092	-0.0272447	0.999582	-0.0207438	0	0	0	1
0.996927	0.0779828	-0.00742258	0.00125958	-0.0777451	0.996574	0.0282199	-0.0395772	0.00959782	-0.0275561	0.999574	-0.0212154	0	0	0	1
0.996994	0.0771356	-0.0072494	0.00112584	-0.0768978	0.996624	0.0287653	-0.0399195	0.00944376	-0.0281214	0.99956	-0.0216103	0	0	0	1
0.997074	0.0760736	-0.00744564	0.00124681	-0.0758261	0.996692	0.029236	-0.0404213	0.0096451	-0.0285859	0.999545	-0.0224401	0	0	0	1
0.997063	0.0762231	-0.00747948	0.00126059	-0.0759687	0.996663	0.0298488	-0.0410521	0.0097297	-0.0291929	0.999526	-0.0232371	0	0	0	1
0.997014	0.0768499	-0.0075546	0.0014069	-0.0765919	0.996612	0.0299608	-0.0414556	0.00983149	-0.0292927	0.999523	-0.0238403	0	0	0	1
0.996956	0.0775965	-0.0075304	0.00151931	-0.0773373	0.99655	0.0301248	-0.0418188	0.00984199	-0.0294507	0.999518	-0.0249228	0	0	0	1
0.996867	0.078738	-0.00746433	0.00122881	-0.0784831	0.996469	0.0298335	-0.0418923	0.009787	-0.0291542	0.999527	-0.0260661	0	0	0	1
0.996804	0.079564	-0.00723328	0.000760112	-0.0793125	0.996394	0.0301579	-0.0421972	0.00960667	-0.0294878	0.999519	-0.0273605	0	0	0	1
0.996736	0.0803505	-0.00786178	0.00100443	-0.0800795	0.99633	0.0302142	-0.042481	0.0102606	-0.029486	0.999513	-0.0275971	0	0	0	1
0.996715	0.0806017	-0.00793657	0.00110792	-0.0803273	0.996308	0.0303127	-0.0428935	0.0103505	-0.0295756	0.999509	-0.0270355	0	0	0	1
0.996769	0.079933	-0.0079112	0.00138629	-0.0796644	0.996374	0.0298645	-0.0427072	0.0102697	-0.0291377	0.999523	-0.0266042	0	0	0	1
0.996746	0.0801957	-0.00806773	0.00153628	-0.0799227	0.996355	0.0298292	-0.0429719	0.0104305	-0.0290873	0.999522	-0.0268445	0	0	0	1
0.996734	0.0803243	-0.00831675	0.00181521	-0.0800419	0.996339	0.0300297	-0.0430845	0.0106984	-0.0292659	0.999514	-0.0262104	0	0	0	1
0.996647	0.0813731	-0.00859791	0.00223045	-0.0810848	0.996262	0.0297856	-0.0426346	0.0109895	-0.0289886	0.999519	-0.02501	0	0	0	1
0.996582	0.0821989	-0.00827798	0.00223387	-0.0819261	0.996212	0.0291626	-0.0420745	0.0106438	-0.0283847	0.99954	-0.02433	0	0	0	1
0.996577	0.0822675	-0.00814365	0.00221908	-0.0819989	0.996206	0.0291354	-0.0420211	0.0105097	-0.0283679	0.999542	-0.0237064	0	0	0	1
0.996538	0.0827558	-0.00790663	0.00230499	-0.0824966	0.996174	0.0288517	-0.0416949	0.010264	-0.0280996	0.999552	-0.0224589	0	0	0	1
0.996447	0.0838294	-0.00812763	0.00223026	-0.0835612	0.996078	0.0290788	-0.0417334	0.0105334	-0.0282963	0.999544	-0.02167	0	0	0	1
0.996437	0.0839345	-0.00831653	0.00256904	-0.0836527	0.996048	0.0298482	-0.0423427	0.010789	-0.0290461	0.99952	-0.0209362	0	0	0	1
0.996461	0.0836374	-0.00840155	0.00265858	-0.083344	0.996048	0.0306921	-0.0430158	0.0109354	-0.0298833	0.999494	-0.0207392	0	0	0	1
0.99643	0.0839931	-0.00856267	0.00287091	-0.0836874	0.995999	0.0313476	-0.0437645	0.0111614	-0.0305191	0.999472	-0.0206393	0	0	0	1
0.996465	0.0835489	-0.00877225	0.00312666	-0.0832345	0.99603	0.0315642	-0.0441901	0.0113746	-0.0307225	0.999463	-0.0208135	0	0	0	1
0.99642	0.0840659	-0.00900209	0.00341417	-0.0837404	0.995977	0.0318965	-0.044441	0.0116473	-0.0310284	0.999451	-0.0210333	0	0	0	1
0.996376	0.0845836	-0.0089365	0.00356866	-0.0842558	0.995922	0.032251	-0.0445467	0.011628	-0.0313812	0.99944	-0.0209648	0	0	0	1
0.996265	0.0859012	-0.00878635	0.00346678	-0.0855718	0.995794	0.0327451	-0.0448887	0.0115622	-0.0318709	0.999425	-0.0211043	0	0	0	1
0.99628	0.0857418	-0.00864348	0.00343141	-0.0854017	0.995763	0.0340858	-0.0460287	0.0115294	-0.0332208	0.999382	-0.0207252	0	0	0	1
0.996229	0.0863154	-0.00880449	0.00346958	-0.0859634	0.995697	0.034605	-0.0468968	0.0117535	-0.0337177	0.999362	-0.0207464	0	0	0	1
0.996214	0.0864528	-0.0091041	0.00353054	-0.0860874	0.995677	0.0348863	-0.0475515	0.0120808	-0.0339705	0.99935	-0.0205496	0	0	0	1
0.996185	0.0867778	-0.00923864	0.00371177	-0.0863989	0.995625	0.0355928	-0.0479821	0.0122869	-0.0346588	0.999324	-0.0207905	0	0	0	1
0.9961	0.0877174	-0.00950643	0.00378645	-0.0873321	0.995553	0.0353231	-0.0477753	0.0125626	-0.0343551	0.999331	-0.0213785	0	0	0	1
0.996041	0.0883872	-0.00953433	0.00373082	-0.088001	0.995495	0.0352854	-0.0476983	0.0126102	-0.0343066	0.999332	-0.0214476	0	0	0	1
0.995993	0.0889305	-0.00946796	0.00369547	-0.088546	0.995446	0.0353096	-0.0476037	0.012565	-0.0343298	0.999332	-0.0215245	0	0	0	1
0.995954	0.0893439	-0.00970328	0.00383949	-0.0889449	0.995393	0.0357925	-0.0480792	0.0128564	-0.0347846	0.999312	-0.0215063	0	0	0	1
0.995969	0.0891889	-0.00954168	0.00341625	-0.0887894	0.995389	0.0362844	-0.0488161	0.0127339	-0.035291	0.999296	-0.023198	0	0	0	1
0.995945	0.0894822	-0.00933979	0.0028999	-0.0890943	0.995376	0.0359138	-0.0490678	0.0125102	-0.034936	0.999311	-0.024615	0	0	0	1
0.99591	0.0898667	-0.00934828	0.00276803	-0.0894825	0.995353	0.035574	-0.0490269	0.0125018	-0.034592	0.999323	-0.0253459	0	0	0	1
0.995852	0.0904533	-0.00982794	0.00294161	-0.0900508	0.995298	0.0356819	-0.0491214	0.0130093	-0.0346489	0.999315	-0.0256082	0	0	0	1
0.995985	0.0889781	-0.00985703	0.00293456	-0.0885687	0.995412	0.0361989	-0.0495887	0.0130327	-0.0351806	0.999296	-0.0260689	0	0	0	1
0.996111	0.0875138	-0.0102019	0.00315772	-0.0870873	0.995527	0.0366355	-0.0503245	0.0133623	-0.0356046	0.999277	-0.0265607	0	0	0	1
0.996129	0.0872703	-0.0105045	0.00326952	-0.0868358	0.995556	0.036439	-0.0506675	0.0136379	-0.0353858	0.999281	-0.0271841	0	0	0	1
0.996058	0.0880741	-0.0105407	0.00311321	-0.0876388	0.995488	0.0363738	-0.0511646	0.0136968	-0.0353067	0.999283	-0.0272523	0	0	0	1
0.996075	0.0878959	-0.0104765	0.00293302	-0.0874609	0.995498	0.0365163	-0.0517583	0.013639	-0.0354567	0.999278	-0.0276561	0	0	0	1
0.996082	0.0878049	-0.0104984	0.00294701	-0.0873753	0.995522	0.0360775	-0.0516712	0.0136192	-0.0350189	0.999294	-0.0272787	0	0	0	1
0.995994	0.0887812	-0.0106718	0.00317635	-0.0883459	0.995439	0.0360106	-0.0515563	0.0138202	-0.0349235	0.999294	-0.0262513	0	0	0	1
0.995938	0.0893931	-0.0107714	0.00332152	-0.0889545	0.995386	0.035972	-0.0514015	0.0139373	-0.0348677	0.999295	-0.0265987	0	0	0	1
0.996175	0.0868297	-0.0097593	0.00276313	-0.0864157	0.995575	0.0369176	-0.0519168	0.0129217	-0.0359331	0.999271	-0.0275409	0	0	0	1
0.996276	0.0857071	-0.00944749	0.0024499	-0.085302	0.995662	0.0371519	-0.0519898	0.0125907	-0.0362076	0.999265	-0.0283503	0	0	0	1
0.996322	0.0852346	-0.00878841	0.0020022	-0.0848447	0.995673	0.0379004	-0.0526448	0.0119808	-0.0370153	0.999243	-0.0283061	0	0	0	1
0.996353	0.0848938	-0.00859691	0.001769	-0.0845108	0.9957	0.0379386	-0.0529149	0.0117807	-0.0370737	0.999243	-0.0276741	0	0	0	1
0.996338	0.0850614	-0.00864062	0.00184797	-0.0846827	0.995705	0.0374257	-0.0525395	0.011787	-0.0365569	0.999262	-0.0270253	0	0	0	1
0.996381	0.0845404	-0.00887726	0.00188639	-0.0841463	0.995728	0.0380139	-0.0531262	0.012053	-0.0371294	0.999238	-0.0272115	0	0	0	1
0.996323	0.0851909	-0.00912847	0.00204243	-0.0847792	0.99565	0.038654	-0.0536298	0.0123817	-0.037738	0.999211	-0.0276309	0	0	0	1
0.996329	0.0851238	-0.00910202	0.00219371	-0.0847088	0.995642	0.0390008	-0.0540776	0.0123822	-0.0380866	0.999198	-0.0278604	0	0	0	1
0.996248	0.0860873	-0.00885908	0.00199468	-0.0856835	0.995567	0.0387898	-0.0542085	0.0121591	-0.0378851	0.999208	-0.0288503	0	0	0	1
0.996201	0.0866441	-0.00872193	0.0016503	-0.0862474	0.995526	0.038601	-0.0542783	0.0120274	-0.0377021	0.999217	-0.0294017	0	0	0	1
0.996196	0.0867193	-0.00859085	0.00143551	-0.0863236	0.995506	0.0389251	-0.0545089	0.0119278	-0.0380354	0.999205	-0.0293519	0	0	0	1
0.996232	0.0863226	-0.00839283	0.00145849	-0.0859187	0.995487	0.0402855	-0.0555307	0.0118325	-0.0394126	0.999153	-0.0293459	0	0	0	1
0.996223	0.0864349	-0.00829191	0.00107928	-0.0860303	0.995462	0.0406836	-0.0560846	0.0117708	-0.0398166	0.999138	-0.0306409	0	0	0	1
0.9962	0.0867094	-0.00819895	0.00114748	-0.0862997	0.995408	0.0414046	-0.0567152	0.0117515	-0.0405397	0.999109	-0.0308685	0	0	0	1
0.996164	0.0870577	-0.00881708	0.00152663	-0.0866277	0.995397	0.041001	-0.0570623	0.0123459	-0.0400799	0.99912	-0.031225	0	0	0	1
0.996131	0.0873962	-0.00918427	0.00170476	-0.0869429	0.995342	0.0416516	-0.0579362	0.0127817	-0.0406919	0.99909	-0.0321268	0	0	0	1
0.99617	0.0869398	-0.00926514	0.0017624	-0.0864735	0.99535	0.0424336	-0.0584338	0.0129112	-0.0414699	0.999056	-0.0325197	0	0	0	1
0.996155	0.0871295	-0.00917085	0.00198987	-0.0866613	0.995315	0.0428719	-0.0588013	0.0128633	-0.0419123	0.999038	-0.0327706	0	0	0	1
0.996046	0.088377	-0.00906601	0.00211377	-0.0879165	0.995219	0.0425319	-0.0587046	0.0127815	-0.0415666	0.999054	-0.0333264	0	0	0	1
0.995939	0.089564	-0.0091666	0.00216127	-0.0891059	0.995138	0.0419559	-0.0580689	0.0128798	-0.0409688	0.999077	-0.0337417	0	0	0	1
0.995851	0.0904653	-0.00980168	0.00237631	-0.0899838	0.99507	0.0417065	-0.057893	0.0135263	-0.0406515	0.999082	-0.0346764	0	0	0	1
0.995758	0.0914935	-0.00971095	0.00211252	-0.0910172	0.994983	0.0415325	-0.0577669	0.0134622	-0.0404725	0.99909	-0.0355272	0	0	0	1
0.995826	0.0908603	-0.00870371	0.00149028	-0.0904233	0.99503	0.0416939	-0.0577528	0.0124488	-0.0407328	0.999093	-0.0355994	0	0	0	1
0.995909	0.0899666	-0.00848092	0.00122268	-0.0895276	0.99507	0.0426573	-0.0583236	0.0122768	-0.0417235	0.999054	-0.0352588	0	0	0	1
0.995958	0.0894256	-0.00842944	0.00110036	-0.0889817	0.995093	0.0432645	-0.0587565	0.012257	-0.0423396	0.999028	-0.0347678	0	0	0	1
0.995902	0.0900563	-0.00835229	0.000989398	-0.0896133	0.99503	0.0434249	-0.0588655	0.0122215	-0.0424984	0.999022	-0.0344886	0	0	0	1
0.995824	0.0909037	-0.00845082	0.000941443	-0.0904461	0.99492	0.0442031	-0.0594116	0.0124261	-0.0432542	0.998987	-0.0342677	0	0	0	1
0.995767	0.0914985	-0.00867333	0.00102542	-0.0910248	0.994846	0.0446677	-0.0600189	0.0127156	-0.0436891	0.998964	-0.0339593	0	0	0	1
0.995683	0.0924424	-0.00839609	0.000630033	-0.0919823	0.994767	0.0444766	-0.0602071	0.0124637	-0.0435123	0.998975	-0.0352416	0	0	0	1
0.995694	0.0923566	-0.00803683	0.000456144	-0.0919117	0.994771	0.0445232	-0.0604094	0.0121068	-0.0435928	0.998976	-0.0361597	0	0	0	1
0.995627	0.0930873	-0.00789099	0.000284905	-0.09265	0.99471	0.0443595	-0.0606273	0.0119786	-0.0434344	0.998984	-0.0369296	0	0	0	1
0.995608	0.0932754	-0.00804982	0.000418962	-0.0928247	0.99467	0.0448825	-0.0608989	0.0121933	-0.0439381	0.99896	-0.0366874	0	0	0	1
0.995581	0.0935404	-0.00823844	0.000507226	-0.0930803	0.994643	0.0449515	-0.0610297	0.0123991	-0.0439861	0.998955	-0.0362551	0	0	0	1
0.995624	0.0930868	-0.00826042	0.000586364	-0.092617	0.994653	0.0456832	-0.0613744	0.0124688	-0.0447183	0.998922	-0.0362811	0	0	0	1
0.995602	0.0933304	-0.00810657	0.000384682	-0.0928588	0.994599	0.0463711	-0.0618148	0.0123906	-0.0454144	0.998891	-0.0360801	0	0	0	1
0.99552	0.094218	-0.00796667	0.00010868	-0.0937511	0.994512	0.04643	-0.062004	0.0122975	-0.0454751	0.99889	-0.0363236	0	0	0	1
0.995502	0.0944317	-0.00764497	-0.000331078	-0.0939784	0.994488	0.0465018	-0.0623261	0.0119941	-0.0455741	0.998889	-0.0369241	0	0	0	1
0.995575	0.093644	-0.00782818	-0.000485633	-0.093178	0.994543	0.0469159	-0.0628487	0.0121789	-0.0459789	0.998868	-0.0376708	0	0	0	1
0.995618	0.0931605	-0.00813978	-0.000425895	-0.0926783	0.994581	0.0471119	-0.0632486	0.0124846	-0.0461511	0.998856	-0.0386907	0	0	0	1
0.995508	0.0943088	-0.00833553	-0.000192677	-0.0938167	0.994475	0.0470883	-0.0633149	0.0127303	-0.0460948	0.998856	-0.0383333	0	0	0	1
0.995472	0.0947137	-0.00801833	-0.000197445	-0.0942331	0.994426	0.0473048	-0.0637233	0.0124541	-0.0463351	0.998848	-0.0378353	0	0	0	1
0.995411	0.0953438	-0.00812923	-9.66003e-05	-0.0948595	0.994374	0.047136	-0.0638575	0.0125776	-0.0461486	0.998855	-0.0372153	0	0	0	1
0.995353	0.0959435	-0.00815043	2.10074e-05	-0.0954583	0.994319	0.047084	-0.0637459	0.0126215	-0.0460872	0.998858	-0.037102	0	0	0	1
0.99527	0.0967714	-0.00849246	4.64828e-05	-0.0962636	0.99422	0.0475464	-0.0639012	0.0130445	-0.046504	0.998833	-0.0377598	0	0	0	1
0.99521	0.0973736	-0.00870746	0.00019167	-0.0968561	0.994166	0.0474692	-0.0639822	0.0132789	-0.0463984	0.998835	-0.0384963	0	0	0	1
0.995178	0.0976862	-0.00886441	0.000275665	-0.0971555	0.994117	0.0478862	-0.0642259	0.0134901	-0.0467941	0.998813	-0.0386797	0	0	0	1
0.995203	0.0974632	-0.00848671	-0.000245919	-0.0969393	0.994097	0.0487246	-0.064685	0.0131855	-0.0476682	0.998776	-0.0398808	0	0	0	1
0.995201	0.0974857	-0.00847572	-0.000644658	-0.0969524	0.994058	0.0494784	-0.0653561	0.0132488	-0.0484192	0.998739	-0.0406244	0	0	0	1
0.995279	0.0967037	-0.0082132	-0.00109776	-0.0961808	0.994121	0.049725	-0.0654604	0.0129735	-0.0487004	0.998729	-0.0417749	0	0	0	1
0.995299	0.0964918	-0.00836649	-0.000931306	-0.0959578	0.994128	0.0500148	-0.0653472	0.0131434	-0.0489768	0.998713	-0.0422068	0	0	0	1
0.995281	0.0966665	-0.00845568	-0.000848808	-0.0961234	0.994095	0.0503569	-0.0652031	0.0132736	-0.0493065	0.998695	-0.0419127	0	0	0	1
0.995224	0.0972234	-0.00873648	-0.000823293	-0.0966557	0.994005	0.0511	-0.0658803	0.0136522	-0.0500115	0.998655	-0.0424255	0	0	0	1
0.995193	0.0975337	-0.00883195	-0.00107026	-0.0969555	0.993956	0.0514927	-0.0666175	0.0138008	-0.0503888	0.998634	-0.0439372	0	0	0	1
0.995116	0.0982894	-0.00911065	-0.00116871	-0.0976934	0.993873	0.0516895	-0.0673203	0.0141354	-0.050547	0.998622	-0.045508	0	0	0	1
0.99509	0.098563	-0.00900653	-0.00133652	-0.0979676	0.99383	0.0519993	-0.0677624	0.0140762	-0.0508616	0.998607	-0.0456959	0	0	0	1
0.995056	0.098914	-0.00897483	-0.00139355	-0.0983228	0.993807	0.0517784	-0.0676299	0.0140408	-0.0506399	0.998618	-0.0455206	0	0	0	1
